2018/05/08-19:07:13.863501,DisplayDemon(19100),14.43,14.43,362,362,12,12,0,0,4,4,1,1,17.07,17.07,227.4,227.4,0,0,
2018/05/08-19:07:13.863501,IKM_IPV_DRSServiceManager(4920),89.12,89.12,1379,1379,85,85,0,0,20,20,17,17,157.3,157.3,1278,1278,2.33,2.332,
2018/05/08-19:07:13.863501,MrPatientSafety(8096),63.83,63.83,1445,1445,19,19,0,0,4,4,1,1,73.56,73.56,449.4,449.4,0,0,
2018/05/08-19:07:13.863501,MrPhysSrvContainer(988),24.87,24.87,1129,1129,9,9,0,0,4,4,1,1,28.57,28.57,292.1,292.1,0,0,
2018/05/08-19:07:13.863501,MR.QMS(21432),112.6,112.6,1913,1913,95,95,0.8325,0.8325,20,20,32,32,176.9,176.9,1307,1307,15.64,15.64,
2018/05/08-19:07:13.863501,PmuSerNG(14508),31.61,31.61,1313,1313,24,24,0,0.1042,4,4,1,1,35.84,35.84,292.4,292.4,0,0,
2018/05/08-19:07:13.863501,MR_ReportAccessService(2704),51.52,51.52,845,845,27,27,0,0,20,20,17,17,112.8,112.8,955,955,2.33,2.332,
2018/05/08-19:07:23.160518,syngo.MR.Protocol.Hosting.LifecycleManager(11228),26.88,26.89,610,611,16,17,0,0.625,4,4,2,2,58.52,58.57,869.3,869.6,68.33,69.8,
2018/05/08-19:07:23.160518,syngo.MR.Services.Workflow.MrStorageAdapterServer(27432),81.69,81.69,1185,1185,72,72,0,0,11,11,14,14,149,149,1291,1291,13.33,13.4,
2018/05/08-19:07:23.160518,syngo.MR.Protocol.Node.Server(26864),24.77,24.77,660,660,8,8,0,0,4,4,1,1,57.56,57.56,831.1,831.1,0,0,
2018/05/08-19:07:23.160518,syngo.MR.Protocol.Node.Server(19440),83.93,83.93,1692,1692,17,17,0,0,4,4,2,2,236.5,236.5,1230,1230,0.5333,0.5333,
2018/05/08-19:07:23.160518,syngo.MR.DotConfigurator.DotConfigurator(12936),345.8,345.8,2364,2364,36,36,0,0,24,24,25,25,471.5,471.5,1636,1636,9.067,9.067,
2018/05/08-19:07:23.160518,syngo.MR.HostInfra.KioskModeSecurity(26780),0.03516,0.03516,0,0,0,0,0,0,0,0,0,0,29.25,29.25,674.6,674.6,0,0,
2018/05/08-19:07:36.566956,GCPU(0),.606,6.772,0.0022,9.376,3.127,4.168,0.0022,6.25,3.648,5.73,4.169,4.169,6.252,6.772,0.0022,4.169,9.377,20.83,7.294,18.23,16.15,20.31,11.98,11.98,10.94,22.92,4.169,4.689,11.46,27.09,2.085,5.21,
2018/05/08-19:07:53.160896,syngo.MR.DotConfigurator.DotConfigurator(12936),345.8,345.8,2364,2364,36,36,0,0,24,24,25,25,471.5,471.5,1636,1636,9.067,9.133,
2018/05/08-19:07:53.160896,syngo.MR.HostInfra.KioskModeSecurity(26780),0.03516,0.03516,0,0,0,0,0,0,0,0,0,0,29.25,29.25,674.6,674.6,0,0,
2018/05/08-19:08:06.582983,GCPU(0),.73,5.73,5.209,5.209,4.167,7.292,7.813,8.29,7.292,7.814,9.376,9.376,10.94,10.94,1.043,11.46,15.63,21.88,9.376,9.377,23.96,24.48,8.855,10.94,22.4,29.17,9.897,16.67,22.92,23.96,10.94,10.94,
